-1.000000 1.000000 1.000000 1.000000 1.000000 -1.000000 -1.000000 1.000000 -1.000000 0.150000 0.750000 0.150000
-1.000000 1.000000 1.000000 1.000000 1.000000 1.000000 1.000000 1.000000 -1.000000 0.150000 0.750000 0.150000
-1.000000 1.000000 -1.000000 -1.000000 -1.000000 -1.000000 -1.000000 1.000000 1.000000 0.750000 0.150000 0.750000
-1.000000 1.000000 1.000000 -1.000000 -1.000000 -1.000000 -1.000000 -1.000000 1.000000 0.750000 0.150000 0.750000
1.000000 -1.000000 -1.000000 1.000000 1.000000 -1.000000 1.000000 1.000000 1.000000 0.750000 0.750000 0.150000
1.000000 -1.000000 1.000000 1.000000 -1.000000 -1.000000 1.000000 1.000000 1.000000 0.750000 0.750000 0.150000
-1.000000 -1.000000 -1.000000 1.000000 -1.000000 -1.000000 -1.000000 -1.000000 1.000000 0.150000 0.750000 0.750000
1.000000 -1.000000 -1.000000 1.000000 -1.000000 1.000000 -1.000000 -1.000000 1.000000 0.150000 0.750000 0.750000
-1.000000 -1.000000 1.000000 1.000000 1.000000 1.000000 -1.000000 1.000000 1.000000 0.750000 0.750000 0.750000
-1.000000 -1.000000 1.000000 1.000000 -1.000000 1.000000 1.000000 1.000000 1.000000 0.750000 0.750000 0.750000
-0.045045 0.405405 -0.589189 0.531532 1.000000 -0.765766 -0.045045 1.000000 -0.589189 0.750000 0.150000 0.150000
-0.045045 0.405405 -0.589189 0.531532 0.405405 -0.765766 0.531532 1.000000 -0.765766 0.750000 0.150000 0.150000
0.531532 0.405405 -0.765766 0.704504 1.000000 -0.189189 0.531532 1.000000 -0.765766 0.750000 0.150000 0.150000
0.531532 0.405405 -0.765766 0.704504 0.405405 -0.189189 0.704504 1.000000 -0.189189 0.750000 0.150000 0.150000
0.704504 0.405405 -0.189189 0.135135 1.000000 -0.019820 0.704504 1.000000 -0.189189 0.750000 0.150000 0.150000
0.704504 0.405405 -0.189189 0.135135 0.405405 -0.019820 0.135135 1.000000 -0.019820 0.750000 0.150000 0.150000
0.135135 0.405405 -0.019820 -0.045045 0.405405 -0.589189 0.135135 1.000000 -0.019820 0.750000 0.150000 0.150000
-0.045045 0.405405 -0.589189 -0.045045 1.000000 -0.589189 0.135135 1.000000 -0.019820 0.750000 0.150000 0.150000
0.135135 0.405405 -0.019820 0.531532 0.405405 -0.765766 -0.045045 0.405405 -0.589189 0.750000 0.150000 0.150000
0.135135 0.405405 -0.019820 0.704504 0.405405 -0.189189 0.531532 0.405405 -0.765766 0.750000 0.150000 0.150000
-0.524324 -0.189189 -0.109910 0.045045 1.000000 0.066667 -0.524324 1.000000 -0.109910 0.150000 0.150000 0.750000
-0.524324 -0.189189 -0.109910 0.045045 -0.189189 0.066667 0.045045 1.000000 0.066667 0.150000 0.150000 0.750000
0.045045 -0.189189 0.066667 -0.131532 1.000000 0.643243 0.045045 1.000000 0.066667 0.150000 0.150000 0.750000
0.045045 -0.189189 0.066667 -0.131532 -0.189189 0.643243 -0.131532 1.000000 0.643243 0.150000 0.150000 0.750000
-0.131532 -0.189189 0.643243 -0.700901 1.000000 0.463063 -0.131532 1.000000 0.643243 0.150000 0.150000 0.750000
-0.131532 -0.189189 0.643243 -0.700901 -0.189189 0.463063 -0.700901 1.000000 0.463063 0.150000 0.150000 0.750000
-0.700901 -0.189189 0.463063 -0.524324 -0.189189 -0.109910 -0.700901 1.000000 0.463063 0.150000 0.150000 0.750000
-0.524324 -0.189189 -0.109910 -0.524324 1.000000 -0.109910 -0.700901 1.000000 0.463063 0.150000 0.150000 0.750000
-0.700901 -0.189189 0.463063 0.045045 -0.189189 0.066667 -0.524324 -0.189189 -0.109910 0.150000 0.150000 0.750000
-0.700901 -0.189189 0.463063 -0.131532 -0.189189 0.643243 0.045045 -0.189189 0.066667 0.150000 0.150000 0.750000
